5 11:7:3 4
2 9 2 4 12 2 7 2 8 5 10:39:6 1 6 2 2 6 1 6 1 3 5
1 2 10:14:3 6 5
1 2 2 10:20:3 6 6 5
8 2 9 2 4 2 5 10:30:1 6 1 6 2 6 3 5
1 2 10:14:3 6 5
1 2 2 2 2 2 2 4 12 10 7 10:54:3 6 6 6 6 6 6 2 2 5 1 5
1 2 2 2 2 10 4 12 10:41:3 6 6 6 6 5 2 2 5
1 2 2 2 2 10 4 12 10 10:56:3 6 6 6 6 5 2 2 5 5 5 5 
1 2 2 2 2 2 10 4 12 10 10:54:3 6 6 6 6 6 5 2 2 2 5 5
13 1 2 2 2 2 2 2 2 4 12 10 10 1 5 2 2 2 2 2 2 2 4 10:122:2 3 6 6 6 6 6 6 6 2 2 5 5 3 3 6 6 6 6 6 6 6 6 2 5
1 2 2 2 2 2 2 2 10 9 2 2 2 4 10 11:78:3 6 6 6 6 6 6 6 5 1 6 6 6 2 5 4
1 2 2 2 10:26:3 6 6 6 5
1 2 2 2 2 2 2 2 4 10 9 2 2 2 4 6 6 10 11:86:3 6 6 6 6 6 6 6 2 5 1 6 6 6 2 2 2 5 4
1 3 6 2 2 2 2 2 2 4 10:45:3 1 2 6 6 6 6 6 6 2 5
1 10 2 2 2 2 2 2 2 2 10 4 9 2 2 10:81:3 5 6 6 6 6 6 6 6 6 5 2 1 6 6 5
13 1 10 2 2 4 10 10 14 2 1 5 10 2 4 10 2 10 18 2 9 2 4 2:99:2 3 5 6 6 2 5 5 2 6 3 3 5 6 2 5 6 5 1 6 1 6 2 6
5 10:8:3 5
1 2 9:10:3 6 1
1 2 2 6:17:3 6 6 2
1 2 2 6:17:3 6 6 2
1 2 2 2 1 2 6 10 9 2 4 2 10 11:61:3 6 6 6 3 6 2 5 1 6 2 6 5 4
1 2 2 2 2 2 2 7:40:3 6 6 6 6 6 6 1
1 2 2 2 2 2 2 7:37:3 6 3 6 6 6 6 1
1 2 1 2 7:19:3 6 3 6 1
1 2 1 9 2 10:24:3 6 3 1 6 5
1 2 2 2 2 6 1 2 7:39:3 6 6 6 6 2 3 6 1
1 2 2 2 2 2 2 2 4 12 5 10 10 2 1 11:69:3 6 6 6 6 6 6 6 2 2 3 5 6 3 4
1 2 2 2 2 2 2 2 10 4 12 1 2 2 2 7 2 10 2 2 2 7:106:3 6 6 6 6 6 6 6 5 2 2 3 6 6 6 1 6 5 6 6 6 1
13 1 2 2 2 2 2 2 2 10 11 1 2 2 1 6 10 1 11:88:2 3 6 6 6 6 6 6 6 5 4 3 6 6 3 2 5 3 4
13 1 2 2 2 2 2 2 2 2 10 12 1 6 1 10 10 6 1 10 1 2 10 2 10 2 2 1 10 12 1 9 6 10 11 10 9 2 4 2 10 11:178:2 3 6 6 6 6 6 6 6 6 5 2 3 2 3 5 5 2 3 5 3 6 5 6 5 6 6 3 5 2 3 1 1 5 4 5 1 6 2 6 5 4
13 1 2 2 2 2 4 10 12 2 2 2 2 10 1 10 2 11 2 1 10 11 1 2 6 6 6 6 6 1 10 12 9 10 11 10 11 10 11 10 11 11:174:2 3 6 6 6 6 2 5 2 6 6 6 6 5 3 5 6 4 6 3 5 4 3 6 2 2 2 2 2 3 5 2 1 5 4 5 4 5 4 5 4 4
2 5 1 2 19 15 2 15 2 10 15 5 2 2 6:56:6 3 3 6 1 1 6 1 6 5 1 3 6 6 2
15 5 2 2 10 6:23:1 3 6 6 5 2
15 5 2 2 10 6:23:1 3 6 6 5 2
13 1 2 2 2 2 2 2 2 2 10 4 17 1712 9 2 10 4 2 2 4 11 10 1 6 6 6 6 6 10 2 2 2 2 2 2 2 10 4 17 17 12 9 2 10 4 2 2 4 11 2 10:215:2 3 6 6 6 6 6 6 6 6 5 2 1 1 2 1 6 5 2 6 6 2 4 5 3 2 2 2 2 2 5 6 6 6 6 6 6 6 5 2 1 1 2 1 6 5 2 6 6 2 4 6 5 
1 6 9 10 9 10 20 10 6 11 10 11:38:3 2 1 5 1 5 1 5 2 4 5 4
1 6 9 10 9 10 20 10 6 11 10 11 11:42:3 2 1 5 1 5 1 5 2 4 5 4 4
1 5 16 3 16 3 4 12 3 1 10 11 11:31:3 3 1 1 1 1 2 2 1 3 5 4 4
1 2 2 2 2 19 18 12 14 12 1 5 1 5 1 5 2 10 1 5 1 5 1 5 2 2 12 12 7 10 12 10 12 7 10 14 5 5 5 5 14 5 14 2 19 5 12 7 10 2 19 10 10 10 17 5 10 17 2 12 14 5 2 5 1 2 5:244:3 6 6 6 6 1 1 2 2 3 3 3  3 3 3 6 5 2 3 3 3 3 3 6 6 2 2 1 5 2 1 5 2 3 1 3 5 1 6 2 2 6 1 3 2 1 56 1 5 5 5 1 3 5 1 6 2 2 3 6 3 3 6 3
1 2 2 2 19 17 12 14 12 14 5 1 5 1 5 2 10 14 5 1 5 1 5 2 2 12 10 10 14 5 5 5 5 14 5 14 2 19 5 12 7 10 2 19 10 10 10 17 5 10 17 2 12 15 5 21 5 14 21 5:188:3 6 6 6 1 1 2 2 2 2 3 3 3 3 3 5 2 2 3 3 3 3 6 6 2 5 5 2 3 3 3 3 2 3 2 6 1 3 2 1 5 6 1 5 5 5 1 3 5 1 6 2 2 3 1 3 2 1 3